           2           1   1.81581189210075     
           3           2   1.06807451914278     
           4           3   1.81581313310933     
           5           4   1.06807165976087     
           6           5   1.81581270158657     
           7           6   1.06807521445978     
           8           1   1.06807356367277     
           8           7   1.81581145078261     
           9           8  0.968586587459671     
          10           1  0.968586585410209     
          11           2  0.968586451892490     
          12           3  0.968586394377133     
          13           4  0.968586716785616     
          14           5  0.968586770396002     
          15           6  0.968586294772645     
          16           7  0.968586408951429     
